# Created by Octave 3.8.1, Tue Oct 27 16:06:24 2015 COT <hpc@arwen>
# name: w_1
# type: matrix
# rows: 301
# columns: 10
 0.4437310492101927 0.5617045685026842 -0.300923419525566 -0.2846947465614499 0.5657156174519171 -0.7507555649860517 -0.3500663392430557 0.3665522725184471 -0.2038939940982968 -0.7136029297948626
 0.6568627374792706 0.7552415978399658 0.8319593118702904 -0.4106172213498521 0.6128190621636267 0.4106068249139956 -0.7424764540956329 -0.4570665206987939 -0.8802247671858355 0.7917461019821266
 0.6169973959401047 0.1316938559965632 0.1208386540774915 -0.09240714491243052 -0.1376213022427343 -0.4254432866438324 -0.259875906658427 0.8099926312171006 0.9113117058008033 -0.7683164450873631
 0.6107011479307991 -0.5739158798974701 0.05637714235677271 0.0989850501535039 0.01960761704589031 -0.5718773858310265 -0.3881509140938347 0.1821957643009748 0.9416990230631479 0.2595218891972064
 0.527140565267092 0.7916855409967911 0.8620654343673346 -0.7703360669224893 -0.5385164619759485 -0.4581918325667692 0.1596584169835178 -0.3269182939188721 0.9409833891932553 0.8623140999702821
 0.8162751130222683 -0.4772466675216255 -0.4789134663399507 -0.6716028337662235 0.7949201241838937 -0.9292907638115603 0.2136177822907221 -0.868060514358825 -0.841001690277786 0.2860044763713916
 0.5422127310226428 -0.6426138586568856 0.2595251981474427 -0.3133124590321242 -0.813276033650563 -0.3932235290681346 0.6261237815818832 0.6098873050181439 -0.6801197464627581 0.2511114749312489
 -0.8194440282726146 -0.1769174866301338 -0.2265284441567804 -0.5795359404534698 -0.8855860752277435 -0.9609131475617737 0.6497821354816782 -0.3328267513988673 -0.9332073354926441 0.5993735828105455
 -0.1273054685941918 0.8599362769931282 -0.4020609791314261 -0.8523364631367331 0.1065781024889174 -0.8431800491842819 -0.9385918305190969 -0.2673892121894409 0.327442660622757 -0.1082172627098571
 0.863672831802311 -0.6047702304830637 -0.05883087484336202 0.8528107459491197 0.7223286164618288 -0.3733215107819982 0.1402455837509606 0.7862815404138637 0.6933732606243133 -0.9751060838857019
 -0.6667969036431282 0.07926521004952636 0.4289452598641399 0.9415950791260048 0.4525473235976227 -0.04575945268281723 0.7518584745645804 0.2314023374813823 -0.9617490028926851 -0.8733031941253157
 0.3902712595446756 0.1819742479020354 0.4077827542996604 -0.05677074404138749 -0.6179705575524718 -0.6848681729258838 -0.4923274323416155 0.4525208435366579 0.8297611402570537 0.459637780015492
 -0.001894712224945416 0.7641455615647696 0.5040571818107493 -0.732937141967858 0.6306117053472045 0.1818795065576959 0.560213669908916 -0.7163298210464709 0.3894274191547376 -0.3147363091695868
 -0.7348841729712167 0.9503072061018789 0.4084092896878007 0.6108479888161278 -0.2741355472589785 -0.7162264777555477 -0.1318472726506464 0.8605638364962263 -0.8805318571686317 0.9196342326956355
 -0.7149892666393872 -0.5236675175796422 0.1899654447493235 -0.04776709347149388 0.8691510186507341 -0.213807030764496 -0.7330113742190348 0.2247715284423233 -0.1222001849011248 -0.9252598048576671
 0.05605319292362143 0.8572198169917025 -0.3119649025530077 -0.5651604228071511 -0.9851676541616931 -0.73207603682197 -0.07351361893609909 0.7786021767409868 0.2550581008611814 -0.1637297119561071
 -0.9647518627095718 0.5673803133681345 -0.8231130874183551 -0.133582321039191 -0.6610193202731408 0.4272607896050533 -0.2677569272593797 -0.02309532783354207 0.8499117519792747 0.8816029280681346
 -0.04225497607129969 -0.1175184827045336 -0.7266251368261906 -0.506410973916161 0.3532754215149594 -0.5676717244238724 -0.6789134976394534 -0.5891691212960687 0.3864397027617181 -0.1589925727000446
 0.02140707635478467 0.3392612542956148 0.04485255381502729 -0.7794768520952796 0.321483949912422 -0.3765857534874296 -0.5926713242816869 -0.1973290210187505 -0.2513191784162835 0.9827857010679393
 -0.8187375703613725 0.04002578804802903 0.7083605795737939 -0.2831487337944151 -0.7679309831196163 -0.07927220618461239 0.7617209162350977 0.1880352629238027 0.5079320199896546 0.1768306363408503
 -0.3130515534651891 -0.4257949132715028 0.4954235316866855 0.9662152141855265 0.7579996375958982 -0.9577084462980953 0.5257229056170101 -0.1507868841869248 0.07646099493773817 -0.9833655960162339
 0.2297456575684553 0.0631538495286863 0.6178681309750345 0.01505480096746403 -0.5095526436978118 -0.6436246633570505 0.6852031153478568 -0.7369661975926897 0.777651673630515 -0.7435118901447441
 0.5725887224996113 0.3430611464849711 -0.4002446559948235 0.8648664400895449 -0.3776207557095935 -0.4054649176720296 0.3468057473705968 -0.6132127457015343 0.7073314259086585 0.8546674274578749
 -0.9148666346762654 0.3179598979271896 0.9871827435722398 -0.6702681366649549 0.213156622915244 0.157484225604702 0.2620671479738863 0.7240352285082583 0.9921687015066638 -0.9585707248032934
 -0.9128205844960872 0.5694425541212247 0.9692424132441968 0.3702581804568439 -0.2100128140877892 0.5113647107851869 -0.4277959640291734 0.6396193433258939 -0.5079356365752618 0.6949616675751795
 -0.4562580807077404 -0.8801118385874162 0.8162508824429775 -0.520655505915003 0.9462143322329293 -0.6858720574874057 0.6321760865879977 -0.8717626870095033 0.3859821083538126 0.5052983476126374
 -0.5784848032540025 0.1710700752056202 0.617959395407736 -0.986746531167927 0.2943894135456497 0.8959332941895166 0.2247132248023105 -0.2941349109415868 0.2941042957052953 0.8593725222156432
 0.2715534746810762 -0.948517679094718 0.9460356193482409 0.8277192145524623 -0.1712517421278753 0.7017092286988273 0.8461183502488263 0.4895922984546368 0.4424348876860047 -0.5769429388513073
 -0.3666700058783626 -0.7465546630527607 0.8133536845623213 0.2570368793401892 0.9735656407249573 0.5085991433696115 0.6345931951403281 0.4220440005739916 0.363286763202183 0.529281455367635
 0.3859811138831446 -0.11348805680994 0.9802799230599533 0.9182310114163992 0.7727027011386782 -0.9447219511328785 0.2670481795382451 0.6120185548025552 -0.5902886948370786 0.2743297277322581
 -0.7171008248017902 -0.8445160419997705 0.748694989627853 -0.7670570911200228 -0.2385143872918732 0.04894162212548836 -0.575622023588226 -0.7620903608715809 0.1632362212884255 -0.5658026243054778
 -0.01740880369009357 -0.3143124567344239 -0.551055983856292 -0.6890303296022421 0.3662007748262084 0.224196913986257 -0.5796940983247024 -0.6841346762311881 0.09613290282819764 -0.8219523162773333
 0.2605673302514173 -0.1971307994824113 -0.7948245585650108 -0.5851554289042104 0.6853260871008411 0.277173454580441 0.8321965800019284 0.2691371077211941 -0.08370412143321182 -0.493470737701926
 0.1397305783525646 0.4375581757458309 -0.960647566194674 -0.2426517250698633 -0.2689504675468201 0.60617749717112 -0.7912300701516394 -0.5188734434147025 -0.1653908102816931 -0.1216978426146192
 0.7635633286875596 0.4237783141723752 -0.8086126185908485 0.7307412557375954 -0.6849558684530545 0.4576479045900015 -0.05392150927505435 -0.08945259198404532 0.08812122324501614 0.1830082367201087
 -0.05270248072728034 0.3868260447212193 -0.489729245354909 0.4628825419723261 -0.3734677839380885 -0.822318625257824 0.3227054888238987 -0.8262833795578589 0.7022840568456761 0.5906889969960549
 -0.6619895474385548 -0.4660576505223387 0.7904524209560924 0.1633154586445653 -0.9810745526219599 -0.8745163844803788 0.7651565155893405 0.8501541284304479 -0.01426894685641578 -0.09069717982486158
 -0.243601758725224 0.123290581425233 0.05303271873979298 0.6980360763880296 0.2217455798313464 0.3842841504560268 -0.1718851277372063 -0.03290092950112855 -0.8041884872185842 -0.5624293122226017
 -0.004663151399305954 -0.6397738564227052 0.8791056459433859 0.675971239713933 -0.1519347831334693 -0.8198875170663139 -0.8942435207290639 0.4413855139394858 0.7936828534955367 -0.2206656377570845
 0.4107123341423136 -0.7376195106827151 -0.3457168381758454 0.468184937593338 0.3067163666992143 0.7401186459307194 -0.7526960368816576 0.1593056291967656 0.992011842778119 -0.931798374710998
