# Created by Octave 3.8.2, Sat Oct 24 22:35:51 2015 COT <dan@Danjaro>
# name: w_0
# type: matrix
# rows: 3
# columns: 2
 -0.1709471036989306 -0.07391422700356165
 0.2995685288974981 -0.8227115101253443
 0.02358958284039092 -0.1784155079921285


