# Created by Octave 3.8.2, Sat Oct 24 22:35:51 2015 COT <dan@Danjaro>
# name: w_1
# type: matrix
# rows: 3
# columns: 2
 0.550532650562841 0.0243818078340865
 -0.9999985089706004 -0.97079683126865
 -0.5435995605516774 0.5660324710902231


