# Created by Octave 3.8.1, Tue Nov 03 18:22:10 2015 COT <hpc@arwen>
# name: w_0
# type: matrix
# rows: 3
# columns: 10
 0.1934901328631835 -0.2211699313890595 -0.3309559019084737 0.4781177938216892 -0.1664301402544671 -0.04886417629402751 0.6148922029479618 0.6754019438533172 -0.3714619978060388 0.1108879079561151
 -0.3142298843793009 0.4879229930131577 0.04166428034519254 -0.7672099394098785 0.9037632377568798 0.3627459488571128 -0.2622310427302245 0.7406968095429365 -0.6099247376943807 -0.1766578224118894
 -0.847604388896983 -0.4591377402188056 0.06137956762157559 0.3666797621273801 -0.2369283203296352 0.5313184462516309 0.4636407369496989 0.8074189175960502 0.6468247530268554 -0.06619706551871241


