# Created by Octave 3.8.1, Tue Nov 03 18:22:10 2015 COT <hpc@arwen>
# name: w_1
# type: matrix
# rows: 11
# columns: 2
 -0.7606784245662875 0.3547891553786373
 0.5463682460192503 -0.2868057413504063
 0.6127225574029327 0.5095183471879374
 -0.2131855768679521 0.7237997981732516
 -0.7233142340121103 -0.6864127444679383
 0.9123700216251183 -0.7571254074409594
 0.318258180501739 -0.9281275840000439
 0.2073306051820358 0.8880276221182895
 0.917701258121324 -0.5447685131945367
 -0.0681534883895637 0.3123593315926259
 -0.6658500741236676 0.7427860160127602


