# Created by Octave 3.8.1, Fri Oct 30 11:43:24 2015 COT <hpc@hera>
# name: w_1
# type: matrix
# rows: 301
# columns: 10
 0.3079317620512368 0.5682621826102591 -0.5351882574404019 -0.3611912255974407 0.3448575554263359 -1.038390512883451 -0.5902178055606897 -0.05209192596447511 -0.4097792765773852 -0.9819941436477182
 0.6328014689947306 0.6923235764392704 1.398415340801729 -0.6709693232002851 0.2955633760028348 -0.4912363418100311 -0.405618974329388 -1.505798094718732 -1.409058740174555 0.5143155215617528
 0.4854810651998405 -0.3420744802776581 -0.7392505227409841 0.2896777700567743 -0.3429972343343994 -0.1507974889709004 -0.1284674378240029 -0.05193010687390717 0.3175342237771034 0.7970733749150866
 0.5366864606969206 -0.4027302265858694 -0.5154716525509098 1.156575199196685 -0.1815445216231217 -0.1588211894789055 0.3256874253689697 0.5840744033754717 0.1332298447427574 -0.4162496202040453
 0.3952317022582184 0.7792495110727743 0.1335846733896029 -0.9116084893233908 -0.6593717309647535 -0.4018539605993647 0.2648182440669771 -0.7859103276495982 1.219016520981466 -0.1132233215667842
 0.6953700719562725 -1.637419444527514 0.1034380283563624 -0.7920461345215075 0.8154148144819944 0.08587149679071451 0.2341083017242559 -0.4304822863332688 -1.012858274399078 0.07548059707210139
 0.4693018291350278 -2.182352248322788 0.8905651308938645 -0.05027313130008132 -1.446897969197484 -0.4071749839160813 -0.3592077367933717 2.210550696324268 -2.623441182554207 0.8655192627079039
 -0.8642262661825811 -0.3352564482513799 0.2957480979387341 0.4532568257842105 -1.242527294285625 -0.5197250918711483 -0.5611778202498275 0.3920478028628118 -0.5599909061847345 0.6667564668870165
 -0.1364155348805564 1.068502088026703 0.2978775284918925 0.588389299735968 -0.8200867763421971 -0.2163774039476186 -0.8198162882154453 -0.06120863219944753 -0.9106059884389304 -0.02469822372723021
 0.7908630424317143 0.07581093535130544 -0.5025999074580374 1.175568307564089 1.107207695092924 -1.350845062142435 -0.1983770151434005 1.496475318246647 0.5376319864068876 -1.395201465869536
 -0.7894227798490219 0.8178528806860563 -0.846186786242432 0.03899450254606778 0.5779243818078614 0.1170972946614468 1.228096305584841 -0.4505841769161306 0.9670137200282489 -0.05279329750699129
 0.2618683960858404 0.1105085641623597 0.2868159453415291 -0.3968919307713997 -0.1636214277374461 -0.5696056425642871 0.1134944485039504 0.3512075848329632 -0.2045228365472392 0.3319393039701302
 -0.1359881950777651 0.7996334969225075 -0.07614592096763248 -0.3390659087716166 0.4171003124674212 0.125979369961844 0.3085614861186947 -1.066659929525216 0.3973471331885821 -0.5820991462827464
 -0.8601752231219209 0.5064912919891901 0.4131791522825266 0.4301952715118876 -0.4940103076418319 -0.3825409859822457 -0.1818081138212958 0.3594571877438022 -1.016903257307689 0.6366559275509851
 -0.7164126450233566 0.4971969034737677 0.6130514719416854 -0.3973665930221352 0.5728979605135611 -1.091845323901063 -0.8104593854015975 -0.1022085419043699 -0.3413630274487004 -1.021759502330834
 -0.01856447888368321 0.8393262686972374 1.260774495454808 -0.7422669787870801 -0.4844445977202061 -0.733497746883819 -0.331774079339702 1.358744012583077 1.202722202950959 -1.783543471882225
 -1.096748828203036 0.8300805570006532 -0.8881596347896596 0.01212565244077854 -0.828556195275256 0.1493818638202679 -0.6630428767711495 -0.3631315750843903 0.6449385165809907 0.6581153044838643
 -0.1068878782011783 -0.063097262823053 -0.6046242189846027 0.4131011359317838 -0.307029959631002 -0.5840355557918024 0.1224713719261095 0.0191035633246576 1.311105262294552 -1.06438605475807
 0.008560689238243277 0.4762421548257998 -0.4666171685838629 -0.4040750229240598 -0.1546360739828797 -0.5863246127927609 -0.04343353272290934 -0.1624382129458322 -0.3693016659965171 1.254112731669867
 -0.9507509212412878 -0.6006782110367604 0.6237578986032523 0.9151261541149744 -0.618228490437016 0.2387556547948936 0.2284215916839077 0.8617111521222095 -0.1776616749815396 0.01544753987704783
 -0.3188890156613181 0.09395339075588424 0.511234915424795 1.177370691748505 0.7109402785149516 -1.107631849158247 -0.09358537018821084 -0.9809373173170063 -0.001317651832760311 -0.907126945544857
 0.1147602320996406 0.1985995208477131 0.2095075763619987 -0.05684946800983692 -0.8483368822829749 -1.134015067782492 0.5117944283583775 -1.064030742552328 0.5762868735615789 -1.005141772713907
 0.4637480651729737 -0.1299510929409209 -0.5879339401582839 1.275476230371919 -0.3717819966686641 -0.6382402594881738 0.5111840187395296 0.2230646309113618 0.4466973934178045 -0.3817332548961541
 -1.002225062476498 0.4681695175177276 0.1700792034421242 -1.050805267567457 -0.2069959990897262 -0.5466565970509835 0.3629496424663266 0.8158845164715375 0.6616292521273133 -1.241633030347959
 -0.9210574426259958 -0.2013893541978339 0.7860827053517012 -0.1023846859910326 0.0254088822801476 0.1362077170018195 0.008339429034147817 0.895833814290187 -0.2080122173407377 0.2962351804002777
 -0.5093843599878278 -2.441996836167544 0.6832068363825535 0.6690664913823314 1.381550318176887 -0.9003272384546427 0.4762648229538213 -0.6402741629807343 0.9558441120180243 -0.3374338158925231
 -0.7113499093567747 0.2307425509822814 0.0565665255634226 -1.291145563862468 0.2609676249777609 1.169098105799057 0.03120125584798727 -0.1376960700164565 0.3239874930617135 0.651050333154916
 0.2513573841938489 -1.199209194782261 0.773767399521522 -0.2257294450484211 -0.774009916317109 -0.06396422513044794 0.1941654156312939 0.4359449503816676 1.242667280828059 -0.4946944155747031
 -0.4993731070287684 -0.675480011072712 0.1013870342629775 -0.1149762229958454 0.7887993740567862 0.3753650714527097 0.5037606747123715 0.168161016004953 0.1579081357343906 0.2618715572411256
 0.3529488319355734 -0.8715803878534035 1.460368876338456 1.012618692227166 0.1236749603607905 -1.168687060975443 -0.1359950611875417 -0.1959231419838714 -0.3124143394180368 0.4660501372942717
 -0.8393995184283153 -1.289602306013266 1.344032665958377 -0.6315260323569211 -0.1829662527926229 -0.6050146660165121 0.2975785084936835 -0.772968289375293 0.7665598068647607 0.2176867699843405
 -0.07147255928031676 -0.9027774607620349 -1.053755043319744 -0.2805939211495059 -0.6279230424554975 0.5238719635641241 -0.6158698125805534 1.093315380182392 0.4141898108806676 -0.9290469601341586
 0.1372620669323721 -1.191640337878499 0.6753413694365372 -0.3277132545834103 1.002967984167679 -0.6613610753243186 0.3155915424630799 0.9060990370879166 0.4241613075015908 -1.073366676476628
 0.1360745337167507 0.4260221177999635 -1.041721797051274 -0.2205235287039783 -0.3194060500154789 0.6009855170195181 -0.8225733737232763 -0.5201452451349479 -0.1653981997110699 -0.1217012005660646
 0.711194686653782 0.6699493463115894 -0.8306691419468227 -0.8995624744377135 -0.9937601958716731 0.4817083000655917 -0.1313363309533667 0.0289501898337163 -0.2850206742391452 -0.1682952457533602
 -0.05545278215805701 0.86218758090043 -1.175258040328986 0.04752468799395295 0.1582728599465275 -0.9589130319583753 0.4268876594174302 -0.2399553277694819 0.784043848837901 0.8353975489108492
 -0.7015895182497534 -0.5994603806228429 -0.1549651986783841 0.155796545028458 -0.8281304374216845 -1.033653716959013 0.03902179747031163 1.697268650322834 1.10359355771932 -1.10186770059567
 -0.3783277653562884 0.3941156823675223 -0.06621858573311055 0.7173872550718675 -0.1891077170776767 -0.01508361540801767 -0.4247976519508776 -0.3553945462611512 -0.9905968376104456 -0.6829370780127135
 -0.1366746682605655 -1.252837696630634 0.7494641524942086 0.4448905164807067 -0.4740520220233056 -0.7347715968475749 -1.032541702599031 0.3629561949453819 0.5442303840913203 -0.5640990586104552
 0.2762254874679719 0.2336601465824369 -0.2917859776822046 0.18874381276054 0.1777572808211411 1.714895192027762 -0.8561573370249678 -0.306397823040125 0.8650330882262282 -2.112951175305718
