# Created by Octave 3.8.1, Wed Oct 28 15:22:31 2015 COT <hpc@arwen>
# name: w_1
# type: matrix
# rows: 301
# columns: 10
 0.3080142928224781 0.5685054323483851 -0.5376897676540089 -0.3610167094585627 0.3470137157093893 -1.035498290327924 -0.5831270825249234 -0.04831606515983596 -0.4069969085306419 -0.981851598572995
 0.6327590419255146 0.7232232766058826 1.397623445303255 -0.6805212975096627 0.3004977160960517 -0.4990648807258351 -0.4130619513871707 -1.503125631532824 -1.410241210241084 0.5533725419451868
 0.4855639809343127 -0.3412272205811237 -0.7300497272166098 0.2787219409836513 -0.3419053801690008 -0.1442084534482815 -0.1342386863440795 -0.04499117900096271 0.2993774980773951 0.7939304609751496
 0.5367442875739162 -0.4111493443592372 -0.5167596602344168 1.154619662198453 -0.1811004482109022 -0.1840456270157267 0.2860432234713283 0.6013849592637535 0.1343347241237118 -0.4165448805205355
 0.395309012930684 0.7794725037924618 0.1266306029459059 -0.9074658947200768 -0.6584623275675302 -0.3968607081324356 0.2554349661159028 -0.7826258852777458 1.218347417279424 -0.1072148496763495
 0.6954731619993266 -1.631061119895962 0.09974595003064778 -0.7890104805643887 0.8229894890562354 0.09037295930715726 0.2161867888919561 -0.4186752950519887 -1.016927066141727 0.09435788026100442
 0.4693577575085711 -2.173590815787141 0.8251663097514784 -0.06799603185644024 -1.420279047470249 -0.3934069260321639 -0.3448380041922952 2.194725759750662 -2.580803557772128 0.8527278480114234
 -0.8642911393219818 -0.329525404988314 0.2966571636294134 0.4510981243823472 -1.235937747999466 -0.5128923106172961 -0.5350618675965911 0.3825607518919144 -0.5719936142655702 0.6628850530177551
 -0.136419660868961 1.070186870445748 0.292961626075114 0.571860157080658 -0.806594506929815 -0.2275704428115893 -0.8342103796791885 -0.07488893721426046 -0.9157963961496609 -0.03112923156044908
 0.7908872919826521 0.08258930966892569 -0.4965588626428875 1.173142075143708 1.109825257131177 -1.361493828451885 -0.178366519839542 1.508402551533145 0.5354930772466518 -1.391939458807938
 -0.7893166762579745 0.7968946872190803 -0.8168011749596816 0.01755753491142499 0.5473309468741787 0.1094712336189267 1.193738908474996 -0.4125157993374846 0.9578438334405925 -0.05006545292122407
 0.2619562580041754 0.1034652179876808 0.2788674128818165 -0.3903463067319473 -0.1679838120302741 -0.5737767259218206 0.1004076239405006 0.3613237023666825 -0.1933731624245863 0.327680025930072
 -0.1359055117466067 0.7996603483437295 -0.07318167683848931 -0.3425093807739275 0.4192564788186265 0.1285828079073085 0.3150306654856141 -1.064030043811048 0.3996305006539788 -0.5819716672784594
 -0.8601689904532329 0.5141462709723597 0.4067041141278187 0.4314980329777421 -0.4940376619722239 -0.3824270275973102 -0.1751327155907646 0.362028499576882 -1.01424788762027 0.6365757277213434
 -0.7164135062324208 0.5060962544461388 0.6099353430766595 -0.3813283156152451 0.5698432621967865 -1.085710686970919 -0.8138312210962932 -0.09908821325817541 -0.33952746574907 -1.02565986504309
 -0.01853163436067818 0.8354173503511352 1.244789155607676 -0.7217376194088827 -0.4666702808675936 -0.7261613641925839 -0.3171776406795547 1.336488438176653 1.174148306782167 -1.750681011195714
 -1.096666297656324 0.8293514828839039 -0.8930081865255587 0.01251921009691584 -0.8268237915440853 0.1522738464746797 -0.650443583722673 -0.3594509685430025 0.6477208842015104 0.6578970136045771
 -0.1068796759781966 -0.07100800698236796 -0.5957244289069049 0.4337824159819382 -0.3169618737553222 -0.5732893467464344 0.1214934915774147 -0.000454605432606856 1.306532754959996 -1.057527567120286
 0.008559713622095119 0.4636855855894843 -0.4705899373995483 -0.4081531980985361 -0.1507105493971401 -0.5662179288807918 -0.07803782575175923 -0.1745075563567325 -0.3708750537979089 1.253439642997054
 -0.9506481720839712 -0.586627651484932 0.6134691179424988 0.8914276539798645 -0.618537673834691 0.2302198591550057 0.2416035345741542 0.8522600296953037 -0.1720633470418524 0.02199712219170866
 -0.3189032055381346 0.08827339747366543 0.5059970111316306 1.18225757618663 0.7160452753447023 -1.101311318820841 -0.05315212793411509 -0.9728940442339657 0.001038238751058096 -0.9048601635996738
 0.1147660780827714 0.1974953107244117 0.2091400794223212 -0.05684543508221052 -0.8460703660006573 -1.128025115928063 0.5187305831537974 -1.062393537823426 0.5790671399565553 -1.005006387450901
 0.463753974991446 -0.138183390139657 -0.5900081121230513 1.274407188669863 -0.3691366341857144 -0.6329936331898754 0.5042743289927188 0.2081075951375748 0.4487709006046671 -0.3690309751728918
 -1.002186187664718 0.4582979570238053 0.1605578002798971 -1.024236915393982 -0.2124818278115664 -0.5331928869732364 0.3863544989949244 0.8133291258267743 0.6672267071484442 -1.253467099555188
 -0.9210512506946241 -0.1941929740880703 0.7883655382716629 -0.0859639473128391 0.02011165005048615 0.1316503038362178 0.004057441839886259 0.8923078055829463 -0.2078655287142597 0.3023273882308123
 -0.5093287179906603 -2.396820321548363 0.6440238842290064 0.6308768095352619 1.335040584310122 -0.8860354381988386 0.4523027916437205 -0.6217525010640542 0.9107608575848191 -0.3134699159869584
 -0.7112673075060946 0.2236138184215676 0.06096927920655169 -1.298913292459476 0.2570660765015365 1.165936709164399 0.04006194810602063 -0.1496208174428401 0.3198249716042911 0.661610438829056
 0.2514150627179935 -1.200556499127337 0.7632363741232489 -0.2150525901246428 -0.7671256301998117 -0.06716172144962221 0.2085426616450744 0.4335498875611312 1.221172639748638 -0.4959670151027177
 -0.4992967476733555 -0.6738687877372074 0.09992606452402455 -0.1102122716099197 0.7909422038883962 0.3763211304266162 0.503711681131533 0.1717967832534991 0.1606904827188386 0.2620140063205871
 0.3530131506669748 -0.8730498948133967 1.464335204432898 0.9970328815139337 0.1276808911455384 -1.155130287518355 -0.1496104698635376 -0.1850803008252282 -0.3067375069978318 0.4731133244758241
 -0.8392961932251768 -1.275101155675411 1.340001526227325 -0.641434871163175 -0.1891076908801006 -0.6005660169107534 0.266576236742343 -0.7921542067601229 0.7494801716340622 0.2409322872822846
 -0.0715060184218448 -0.8745139436241176 -1.05738106330801 -0.2840858707124347 -0.6298739590658288 0.5371439363285686 -0.6063168284223738 1.076693328020467 0.379262628332727 -0.9045317282874582
 0.1373475901034228 -1.205197275945256 0.6771486894428195 -0.3316187506342206 1.003170401195958 -0.6711471481740854 0.342452935858961 0.9090475714241848 0.4358700713076443 -1.079654281651598
 0.1360745339005642 0.4260221183020694 -1.040982572614659 -0.2235295675514793 -0.3190257425348708 0.601163618185087 -0.822480114103513 -0.5201361629495231 -0.1653981997110699 -0.1217012005658116
 0.7113418766213234 0.6642109350024773 -0.8275086926144042 -0.8822312952366431 -0.9859285132078103 0.4886596286120355 -0.1393868476734467 0.02706610466963143 -0.2807157494350209 -0.1629958334992936
 -0.05545735924251378 0.8557020897776649 -1.168539736849216 0.0559583718536173 0.1564693336701891 -0.9546323405453944 0.4157296968171317 -0.2393795682309282 0.7813107533529929 0.8239265664160602
 -0.7016126049059389 -0.5888116538197115 -0.1658608888986261 0.1428678973609856 -0.7890601887435683 -1.030112586465228 0.05526796098748339 1.666062212327842 1.116559272382531 -1.066167104263651
 -0.3782445154553787 0.3911031197914608 -0.07265888747964899 0.7157551408129931 -0.1880558024056058 -0.008003273792501008 -0.4153558614699381 -0.353309762462766 -0.9878711283001699 -0.6838720799301231
 -0.1365921049973289 -1.246046925397874 0.7447450535633817 0.4495699519182666 -0.4721655535851552 -0.7346146647646559 -1.029333583068812 0.36533167060799 0.5468331145904695 -0.5643990045178503
 0.2763080326749218 0.2290164557640799 -0.2989679253035058 0.1862814833923072 0.1754192471171349 1.711005523910251 -0.87836093138616 -0.3026118272160947 0.8674659294300169 -2.094923358327929
