# Created by Octave 3.8.2, Sat Nov 07 21:33:25 2015 COT <dan@Danjaro>
# name: w_2
# type: matrix
# rows: 3
# columns: 2
 -0.2488441293012887 -0.8812303421641922
 -0.5565754041302767 -0.869062590460962
 -0.55303007508109 -0.6772760338832325


