# Created by Octave 3.8.2, Sun Oct 25 17:53:15 2015 COT <dan@Danjaro>
# name: w_0
# type: matrix
# rows: 2
# columns: 2
 -0.1661088758604806 -0.6212355840331788
 -0.4230273819245073 0.3840834342088755


