# Created by Octave 3.8.2, Sun Oct 25 17:53:15 2015 COT <dan@Danjaro>
# name: w_1
# type: matrix
# rows: 3
# columns: 2
 -0.5127385621502921 -0.4491819965807079
 0.3902851710823299 -0.412459121954769
 0.2540951664453144 0.6655896302887898


