# Created by Octave 3.8.1, Sat Oct 24 19:43:58 2015 COT <hpc@hera>
# name: w_0
# type: matrix
# rows: 3
# columns: 2
 0.3325111979289268 0.8223114980903605
 -0.8370007359310353 0.314127453933408
 -0.9987058835406667 -0.6019474639437671


