# Created by Octave 3.8.1, Sat Oct 24 19:43:58 2015 COT <hpc@hera>
# name: w_1
# type: matrix
# rows: 3
# columns: 2
 -0.9925581573663197 -0.4517521382612241
 0.5416980600816272 0.7126712356629534
 0.8772912663679959 -0.3669176542573985


