# Created by Octave 3.8.1, Wed Oct 28 10:17:00 2015 COT <hpc@arwen>
# name: w_1
# type: matrix
# rows: 301
# columns: 10
 0.3107921639070595 0.5455081669801424 -0.5291915266464585 -0.337982870154573 0.3875067850558202 -1.015035794504134 -0.4260960027666377 0.0453517635126752 -0.3714995103231938 -0.9507729432500787
 0.6315016062233325 0.7010664642020759 0.9747327608389269 -0.4903714994101782 0.2749313930557854 -0.4698115623148694 -0.7512645556638078 -1.133322076816911 -1.125633344561998 0.6764646459247931
 0.488352470379768 -0.2667947812526391 -0.1654919580568566 0.2163625492581052 -0.2339068511746689 -0.1389442783654166 -0.3265408089250408 0.2685287105836642 0.1777830935869082 0.7768886497995475
 0.538022558503172 -0.6631774952365048 -0.3238267248129426 1.01236143839951 -0.2375658244886973 -0.1807107593802513 -0.5438958686019221 0.6249735824121239 0.03264013724796688 -0.3101608161266499
 0.3980348473055542 0.6957124042447819 0.3112220257041504 -0.8792442442542044 -0.6991052462019953 -0.4297407905550087 0.1656134792973237 -0.6982778926604024 1.059075163556644 0.3921269493506869
 0.6988556052990829 -1.286946264346127 0.04338539903821059 -0.6752744834301317 0.8546329157511428 -0.07397424602086478 0.03983479536693944 -0.3962638803528987 -0.9614467752265003 0.1986782707924115
 0.4716702740668721 -1.645740369651206 0.3944521584153055 -0.1748919298095909 -0.9897332331983002 -0.2662067991121965 0.6456871346322679 1.740952708996961 -1.957275270397961 0.6073833635694573
 -0.8660715306155792 -0.2633347769661675 0.3109513968078478 0.1925462470418794 -1.014895072979882 -0.4584238622034531 0.4382899946532846 0.3255619300051348 -0.5900264582408202 0.611041874214072
 -0.1365665147729676 0.8803402387008015 0.06276141034926 -0.09763070000647649 -0.6011957524361573 -0.3753614717797465 -0.9034979274657607 -0.2599726149443359 -0.5310215361660128 -0.1665293821628178
 0.792245752602487 0.1392845971167272 -0.3310310135531078 1.112819500558739 0.794181939543634 -1.161736306014008 0.1546960924362186 1.454002796734381 0.4135109079677191 -1.056824044352149
 -0.7860621857593378 0.5895664373579238 -0.3256700017397491 0.1999588564786454 0.2915663476427642 0.008688600826773323 0.7134605292242922 -0.1179129899585747 0.7348109977135627 -0.1162964859407256
 0.2649282051448797 -0.007420089968119045 0.3328344118412218 -0.01142411509895124 -0.162012750212512 -0.4355423257046103 -0.5580594851378349 0.2714276609048336 -0.04072510335469004 0.2631322673454581
 -0.1331159666307085 0.7553432038634219 0.1195970740392739 -0.4494110287856189 0.4597484697135581 0.1190823207908136 0.4842368441775294 -1.01622256811213 0.3495024379671135 -0.5513464227776456
 -0.8602292402930681 0.6332096754790345 0.3036050521267555 0.4624498606356107 -0.5017390763780785 -0.5653341620518773 -0.1791438337551959 0.5282219172402506 -0.9621987210963635 0.7151776232390721
 -0.7164311106772143 0.4634935426419793 0.3048991643364796 -0.180959964236255 0.6549493069032339 -0.8520686997483938 -0.775386387903403 0.0237919119618462 -0.2853911748117962 -0.919553779131464
 -0.01682096607850553 0.657396744302824 0.6528881958309045 -0.5109954601641394 -0.2521294262097944 -0.6934485107589121 -0.2966841820927961 0.8985805199384617 0.9752927550839535 -1.308045036150253
 -1.093888439714357 0.7606769199984685 -0.9846769893797259 -0.05738504125316466 -0.8148436013870487 0.1724498053951115 -0.3496348997481223 -0.2842669498957708 0.683205334577391 0.6647128349984107
 -0.1069376210253176 -0.09958155305769462 -0.4763672871811472 0.3522695163641559 -0.1517138303884985 -0.431151151968737 -0.7112013806717581 -0.03180967883959664 0.9050689668804861 -0.7508177988538413
 0.008548985747452213 0.3681427494566455 -0.3149464569053216 -0.3061495921291443 -0.1471491992520919 -0.4028458708314947 -0.6313519676085555 -0.2924416588009687 -0.416231356570456 1.20589237951935
 -0.9472905897456979 -0.2154201192744032 0.598539291735861 0.4167136225213532 -0.5820681822526613 -0.002143626092654363 0.6693799993955819 0.4612688256425275 0.06267772420271271 0.08476618430252393
 -0.319425023131233 -0.06970471494387259 0.4242457200830727 1.004733825297225 0.7996913920637645 -1.156401884260261 0.5181102260637822 -0.6111171716984637 0.04439869917943658 -0.8848282377456677
 0.1146610591475979 0.1529725472541562 0.3748552680812283 -0.03771639251135979 -0.7939321084521833 -0.9617205629628609 0.6536791287808725 -1.012091569941377 0.6136193120206587 -0.9746694086409032
 0.4636554317839194 -0.03261413491671505 -0.5145126834487747 1.120617374364997 -0.356000096287082 -0.5971647586796982 0.3461964255381526 -0.2464769666753071 0.4658929024206533 0.1778343406814074
 -1.001461606047809 0.3804756809147557 0.09163892504210568 -0.8652977854856414 -0.1615411877759922 -0.2843705131778315 0.354670513134139 0.611293424377498 0.6460500843116301 -1.191706132392414
 -0.9209786804763649 0.002868596925279082 0.7738710782319682 0.007942939850174869 -0.1554838690999567 0.1353307556358318 -0.5457578177146089 0.7466576964331104 -0.31450433499255 0.2742344127470868
 -0.5081514113571248 -1.91071097635794 0.4180837735895863 0.4397196816361726 0.9283380557929943 -0.9037011850564127 0.7767274511216351 -0.4534906095114551 0.6062390686670579 -0.2042398073231868
 -0.7084904572837939 0.1852933919314721 0.2882799383284728 -1.01963934703791 0.129415374242265 0.9068501919674032 0.1494315834597874 -0.1940950396320491 0.2969492802981479 0.5099603517102248
 0.2527630805466931 -1.05197198869953 0.5697501281997561 -0.06155146467033466 -0.5623943991042477 -0.05334504822066049 0.8084374621040484 0.4128179281793036 0.7788911792029755 -0.4397684139115546
 -0.4965893611709676 -0.6403245926844805 0.3940723146218368 0.08383055635783726 0.8295272633689257 0.3418782277498066 0.5618296138617261 0.2170689885171778 0.1961847947991715 0.2930807603831951
 0.3545005581711297 -0.6424556683811169 1.036200902591534 0.610551416737878 0.2324461992878252 -0.9329768359660816 0.2625179193608337 0.0327705942522591 -0.3072817043977887 0.3792953111629518
 -0.8359257770468133 -0.978162812340116 1.086125805760646 -0.6993321508583163 -0.1939924503677324 -0.5533493076448076 -0.6155606239430033 -0.8613389372742217 0.524156674524747 0.2186313330219204
 -0.07229080692851461 -0.6363021637254203 -0.7468008591519246 -0.3187001770326747 -0.4831720401907894 0.1641144713394131 -0.6585807519007375 0.5807156960112048 0.4505161831201123 -0.7382711570311898
 0.1403281700728372 -1.115864665325824 0.4278193829010831 -0.4290859352490428 0.992899228231646 -0.4451652545210337 0.7889054238227473 0.8593811824031421 0.4399916445999896 -0.8206496727026591
 0.1360745443259616 0.4260221968642146 -0.9758909309350844 -0.2387678593187734 -0.2916696131885211 0.6032580790485926 -0.8125442670138822 -0.5198161142309123 -0.165398199709317 -0.1217012005504434
 0.7159059855854434 0.5086725913028041 -0.7496830523647535 -0.3267309197019251 -0.8192874451881885 0.4938774890134669 -0.1322648500546678 -0.05030676982684648 -0.1167154276374234 -0.03626697179564514
 -0.05562616661063684 0.7081310220257647 -0.8513511185232532 0.2208188244062378 0.02340147092506106 -0.8350290551126298 0.3728932561473529 -0.4066027789629824 0.7239089893307551 0.7995703835076261
 -0.7022778094289142 -0.4997000578329727 -0.195793774886737 0.1411211777297377 -0.5813308038347841 -0.9780419318638628 0.7203195620513261 1.017462407247758 0.9118365730312737 -0.5565586491134955
 -0.3754575284788746 0.2800580156898633 -0.1713345799885795 0.6325813736755258 -0.1035821291344189 0.0767172421184508 -0.1731904902539198 -0.296316306048576 -0.9533933610049251 -0.7195093554817714
 -0.1338130595852267 -0.9786542218715544 0.7485286614699946 0.5869133669302941 -0.4077053536237394 -0.8156213529893607 -0.9239314418596593 0.3485855646449668 0.5935891444532673 -0.5089134057902953
 0.2790863232083917 0.07962947887647531 -0.4403929351847241 0.2034502895623174 0.1221848186666583 1.294762879785509 -0.9151847818413523 -0.1003559225241204 0.9185555061797814 -1.636809571151966
