# Created by Octave 3.8.1, Tue Nov 03 23:54:00 2015 COT <hpc@arwen>
# name: w_0
# type: matrix
# rows: 3
# columns: 10
 -0.4513231469840874 -0.5569580152646256 -0.3004386255908529 -0.01986475393797197 -0.9497853278953382 0.06935853180746551 -0.4282265911460042 -0.04049467975053327 -0.290910635283658 0.9640985015700307
 0.5652466145016549 -0.9640108771264029 0.8129552595832172 -0.6723760146173117 0.2094188110028384 -0.3012224607071695 -0.4567606563417304 0.2426094682254962 -0.4220598570801264 0.3937122252064119
 -1.096742958164227 0.2519800771753111 -0.6924741145891011 0.805876597087348 -0.4327519590795879 0.4036075717019114 -0.1185777197984759 0.02397616795346143 0.667273066702633 -0.2553234355893824


