# Created by Octave 3.8.1, Tue Nov 03 23:36:05 2015 COT <hpc@arwen>
# name: w_0
# type: matrix
# rows: 3
# columns: 10
 -0.1906378086406937 -0.2293582723151893 0.6867606661454242 -0.6300697083645955 -0.8962011657688248 0.1968864899484321 0.8800095408808287 -0.1669897798405335 0.1684896545410481 -0.2266873859282681
 0.1416798541328934 0.9648853569306201 0.7944471910916157 -0.1144436048618095 0.5898698220898638 -0.6676294287889837 0.7006420346948096 0.5359454779674757 -0.06114930989042523 -0.370589292528038
 0.007825706443951554 0.03038811043977137 0.03570001037238322 -0.2904828691260466 0.8275521884303371 0.2812051326451784 0.9070038181767547 0.463762667758205 -0.6820390700640365 -0.5500909796682949


