# Created by Octave 3.8.1, Wed Nov 04 00:02:40 2015 COT <hpc@arwen>
# name: w_0
# type: matrix
# rows: 3
# columns: 10
 0.4137104792774737 -0.1805675804906779 -0.6181044024850711 -0.5207511970679722 -0.5562069753586428 -0.8950347510134418 -0.2378350492962951 -0.1922258551110209 -0.6583295130691101 0.6847461021725101
 -0.5293485318890072 0.9808334976004242 -0.5430556777555279 -0.593657056303436 0.007364457650461165 -0.6405164397014531 0.6127777876095636 -0.09619874009325441 0.1194127103938606 0.9976852988569956
 0.8977737483649804 -0.5706625956961394 0.1754149370693912 -0.9188372528018548 -0.5433680622461318 -0.4679086153675879 0.2067776444881181 0.5113790129767958 0.5367903735547699 -0.9073277718309795


