# Created by Octave 3.8.1, Tue Nov 03 23:54:05 2015 COT <hpc@arwen>
# name: w_1
# type: matrix
# rows: 11
# columns: 2
 0.5072784556319904 0.9971734793346925
 0.7821967254426399 -1.363514072633976
 -0.7383049556573298 0.5236061182138624
 0.691468913909275 -1.275857172089308
 -1.392035753771854 -0.1064704092450653
 0.6686806547985625 0.1144043449582467
 -0.1208046899642924 -0.3461853645092155
 0.5332393735917447 0.8364689111201475
 0.5245951736029411 -0.132960407164052
 -0.4101426970965387 0.1657960887941568
 -0.8922198956978533 -0.2626372490759465


