# Created by Octave 3.8.1, Tue Nov 03 23:36:11 2015 COT <hpc@arwen>
# name: w_1
# type: matrix
# rows: 11
# columns: 2
 -0.00862693954421182 0.4655178323769826
 -0.4760451733653381 -0.9774889669973105
 0.05357657679848998 -0.5492246780574482
 0.6324972591043434 0.5796648509051261
 0.4382790791600975 -0.9648871262678731
 0.8075628363478309 0.09795493939901598
 -0.9169077522228845 0.2691252603982655
 -1.041493048439035 0.3570699935464732
 0.7736197653420657 -0.2557278174665807
 0.9619956471727273 0.4313393426673587
 -0.06707126870121485 -0.8754117912669489


