# Created by Octave 3.8.1, Wed Nov 04 00:02:47 2015 COT <hpc@arwen>
# name: w_1
# type: matrix
# rows: 11
# columns: 2
 -0.1628608591616997 -0.03446391529714374
 -0.2955108377218924 1.001205261668487
 0.6355089766820421 -0.1257595938580235
 -0.4426866230453094 -0.8587547179423053
 -0.9461240410727669 0.4349638324684928
 0.5017162774478461 -0.6740816603580424
 -0.2170358657144181 0.9078274738761106
 -0.8573544483880254 -0.8392603863650162
 0.7829210936142144 0.5354965779655139
 -0.682129947762947 0.1427613253981806
 0.9928285886296572 0.1506176893212595


