# Created by Octave 3.8.1, Sat Oct 24 19:34:09 2015 COT <hpc@hera>
# name: w_0
# type: matrix
# rows: 3
# columns: 2
 -0.0112854606306817 -0.4655660785133265
 -0.7987303698576494 0.6044543256679062
 0.4542111179923178 -0.6732322019875187


