# Created by Octave 3.8.2, Sat Oct 24 22:21:44 2015 COT <dan@Danjaro>
# name: w_0
# type: matrix
# rows: 3
# columns: 2
 0.9058174059793422 0.09912501035478671
 0.6196263267419782 -0.5252884713153446
 -0.4286193871399294 -0.6162651941160718


