# Created by Octave 3.8.2, Sat Oct 24 22:21:44 2015 COT <dan@Danjaro>
# name: w_1
# type: matrix
# rows: 3
# columns: 2
 -0.159878386020294 0.7116570801681965
 0.982136778762233 -0.6706217210113673
 -0.7680387330634305 -0.342367425499786


