# Created by Octave 3.8.1, Sat Oct 24 19:33:08 2015 COT <hpc@hera>
# name: w_1
# type: matrix
# rows: 3
# columns: 2
 0.2610311652834612 0.6382227805468266
 -0.4838907553002906 0.03786450672995278
 0.9099090117276192 -0.09568692175070714


