# Created by Octave 3.8.2, Sat Nov 07 21:22:17 2015 COT <dan@Danjaro>
# name: w_3
# type: matrix
# rows: 3
# columns: 1
 -0.195920098877974
 0.3838708118996972
 -0.8040443800686147


